model=rgcn_group
train_acc=0.806471
val_acc=0.810692
test_acc=0.000000
precision=0.000000
recall=0.000000
f1=0.000000
roc_auc=0.000000
pr_auc=1.000000
